This line is a comment block. Write whatever you want here.
This line is a comment block. Write whatever you want here.
This line is a comment block. Write whatever you want here.
This line is a comment block. Write whatever you want here.
This line is a comment block. Write whatever you want here.
This line is a comment block. Write whatever you want here.
This line is a comment block. Write whatever you want here.
f82fae5a24db870d7ae19f5fe3da05d5a10f45e03809d0add324359f2b66cd7a 2 2 53 0
349e58866cf0bf104f42dc9f6c7b6f38d57b838c341c1a78a94b79c504a10d87 1 1 109 0
22eec49aa977fe1af788d7c763813ec214f8de8a1974becee306a9b4a36b4009 1 1 4512 0
fc835cfea5b28d03f243d83f2447ece362fe3d5a84fdf86708b78bec03d517cf 6 6 4570 3
ac1448a6829261bbfb7ec56e638aa195a19328c4fa43a18cbdb4f7f1880bcc91 4 4 4679 75
daedd5901e952801b7b6c41745a590cdda5fdce3e5e7c89d0387a8cdf51468f2 12 12 29 5
1f77589da7fad1660de7764e9be7d1f8d2a15431e9ecae01ccf88ea0e096ac70 14 14 33 13
f24b5c2cb46cd01072c560c645e67b73c8843d3b970b94136325c9a8c947a5ff 13 13 23 13
3cf38a1e50c5feeecb71c8c63cc68255f47f957e491b7164b3be7fa1aabfd11a 246 246 1785 300
3d0e9a1dddbc8e249b314ba1aec353f3229c0b286ffd32eb9e26da78fd77c827 282 282 8643 1128
ee272befd3997fa0e7ba91c3a7e0f7f4bfb4e0ec8b4872148447075a6fa397f1 18 5 353 44
3e11e8b06acb58dbb59d66dcbee935c9dda34c53126586656216e36d30044364 0 0 0 0
b7ceb475aa5b9147ffe7160163d042d6536aa1f510bcc4850d630ac696a4b216 11 6 134 6
bc5f5621a7a443e64a74df2a3198da4fae92ca057ed648f6653474df948c7dd4 2 2 470452 0
04d3bef98c81c85b7f8a35a0638a7a30adcfbe3b8639c4d1e06064f6e65db7a6 138 138 11915 144
96ed21b0a72cbc01c04a0d477476812614b603ca51774bddf62e868e2a862079 1 1 1 0
b387cd2acdb9ca5cf8689f0fbbab5ce9395da2aaae93edef530ed162eb8b0d0c 2 0 0 0
30cf40f303c459f7e390177f0f9fbdf43f7107afec3f6f393fdd846e9ea6478f 2 2 11361 20
3770b348a3e7fce52a1685ad9cb654c981025d7294c8260afb628ac866935147 4 1 199 256
e416428b715ebacfe1256f635b85cc29640cf8d32ef3a6afd14176a059e9b370 39 2 1946 0
19be14c738b576680d91f0bdb7bef7e954c5a0576e2768c2c7b0f0c2ba8727e2 2 2 433 0
dae27b2bc08405ba0169ef0050b3c817c580198eebedfb79eea56e31ed74b11a 4 4 66 1
253a6ad21c6339d2bd6371fb976d05f55892da1670c7c7b23694f1e51c48660f 3 3 2039872 184
ed8581a7d037e143a96e734eaf121cdf787af2707d0822b7f67a4e986f5e0c9c 123 0 0 0
4e50a2d4c3e692e83347e28658229b07f7d4ab8791400446daa1a936a7e6cc0d 32 0 0 0
e97ae28e155635c73cf48b8ff9673b8e376114ca4c7bdc9051d394209e7b1936 4 3 1031027 1
cb429786147de9aed08202685bb20de51c49d498cc38fe2a4737da62bac44baa 4 4 676 0
a8f0e0d69cbc35f538d99b4e07b9fdae4e03b8eb756633291cafd489867cc19a 100 2 1946 0
c992ebd9e19fd314c90c9c72ec7e473d8a90602a71dae7ce67226fe8ff6f3fad 1 1 4850 0
d4fccde28b049fbcabf42ac572d631092c13738e65284804749c3594baa99920 45 15 6201 226
feadf0cb86d2696b3bac331fe5cd8e6682035cbf1f626f07e6a7ca628f39a866 0 0 0 0
aa81a9ac5a9d524f0aae8c4a8504143f657a2996ce90ebb3a09811b2304a33d2 1 1 316 0
56741e3e1d74c17e7a1454a4ad3fe8ae76c2f873fa6e987988af5f42355af452 2 2 601 39
a2d68b84fe61fcade1a3076ccdc5a953f1e9ef291b5c6cbb814a4f8d31262631 1 1 1035 0
f2ea746d76a40952c213441a5db26d52bb1858016402e194b4ec7691fed823ce 3 3 21680 64
560da9609c33e0b360025e5a76b6b80716f851c92509b30e2a93d8174cb6e2c9 3 3 300 1
3efb7e1a886b8202796f39bcac36e05a8073362bb2c5ebf5a751fb874016cba6 1 1 435 0
627e44810d2b18a5e62e603c3bd9f82d6ffce370101f4ec9c0582f4ee199d5b4 10 10 54205 96301
d44c3f18c4cf1e5ef653a022e69937042a051c4076d62e011e1cbe21925d09b4 5 5 418300 70
cba5aa4549629a6e2d721f9fa12621e24e026ea3336a0c8d785447c0751eff2b 73 0 0 0
d165e4695238252e2464f45db2b82cfb454a6a72106a425b2dcf4ddc983347a0 20 20 1127611 1744103
99e17f762c545c662b5f52f003f89d357f575234768e2ae1fffcad0b89e4dd9a 236 2 854 1
61535aecd78dbb37414704f2bd16ca48f2166210f205751b00de8be88deecf31 0 0 0 0
def8ad6692c71e5d7c7804e1cda0ed7c58ac5b03f2ef0122e7dc2182fc7f7cf1 1 1 4661 0
2e28e01c1e8b48ab4e6540115d5fe1252685fd97964c185aefcc158660d53548 35 7 3745 65
6aea2c7fcd432decd4e9c318db4485559ce157c1dee8047fcf8f71a618155b86 3 2 532300 531465
64a0152f08ce6d8fb72b3a61cb6601eb1e9ef00550daf0741191c2c9cfb9f583 1 1 35495 0
b577f2ec39f3574a66db9a250318da475ae27e6da61c2de8018d9bddc547e645 549 0 0 0
49002ac2488ba4d1d4709c5b151e3cdba2dc8968b580764125b6daee4c945ea2 40 40 40859 4134
206e6d92e3d9ddfe0a2b209c2fd25ab6ffa3962809801200b576ee667b1bc8df 82 67 9506 1831
f9e369600ff7239163161160aa82d510ea77049b0da9c8b2d43a94ad4ccec1db 45 45 4249750 1296343
6815096f8dce61b5aa417f8891a64bc19bcbef79dabee3bd0b79f7353a6d8bff 8 8 1784 16
e78f03121e09de554cf24156bbf55daa91d23700e374635afcfafba084617a63 16 16 441 23
8c70e7778fd50dcdb35c997ef7e9ef0524abe72bb1876d1f94edf4e28a0539b1 5 5 442 0
ed3f9006886c73afd19031392292a659f1ce175c0f77210d80d7b018c707db1f 3 3 2786 9
d07fa05d56d63d219271ec663697d11856b3cd1f7f30602135b0f3146c935c17 14 14 4257 432
8539e0b93e9d3df4a357f5695cef0b9aec1244eeab6538b640a5107227dec41b 0 0 0 0
0484dbff7d91d0a22f54ebc1aa2d86bafddf894c749d6acfa931fc0fa4dd49d5 3 3 1593 0
4e1b88b45ee1e630d88ffa675b3210e3128762c3da41fd56880b86e1310b50ce 51 41 6669 1303
bdece7c6c3b4080bf7aa6beeabfb04e97c8b088d8348c6fdd3c88bf18a01f73a 5 5 244405 243249
33f43f476674e29559ab9897139dba625c76933719031c94592630f19e7e9c26 14 12 20846 11739
4d052bb0affc5bf4505d985f8a13885874e91c565053f6c792185db02772335c 7 0 0 0
c3fac96e24ee1aefcb981bc88429c30fc435f99cec55525f49f8217eaad02e1c 10 0 0 0
60368b1d1ef034d76024e2ab03a04fff86a38bdde70ddab52ed0fa0c84479dd8 69 69 60266 5189
55dfcc94157e26a8c4418cc6d314edd349a8811a5260b8204cf925ccaa9e564b 14 7 12526325 6454596
f30bff31d4111d843f5e57aa0993b15c629a7cbfffb2e527fb75a90e0d5fd8c4 2 1 4413 9
a6e7cf5fcd044dc774593a796611a4789e39e779f0cf0cd2e735eaaa560c5cca 32 32 37665 8041
e7621e85902435e5ed3b8e95e338e3431ed465ff77d136418fe559ad9e48304f 9 3 7547 287
c8628518820659c679a71b1a4b33af6adeb35b8f4615b8fd23dde18ac6f95b8d 4 0 0 0
8bc02c626ca741253ec9c3ed6500c10571118ba47310c34f894c505b5bf48dba 68 26 16321 1622
2ded9b4efd9e3d5b7c65cdf97468b20e1ad3d776dc66c059ecbc6172bc25b35c 67 0 0 0
9acd1bf71ad6a2b3c7913dfb7ced0ed143b9cc2b091223878ea1f757f4b35d0c 2 2 16450 340
9e45fa4a10e7d9fa1a1537a63249121ea26200de8615945e8279641d8b5a966b 4 4 5713 150
4627b69c09c7d5270348219af61a7692fd28143357b1618680f91eb30bf5cf44 1 1 5685 0
6d2e3414d1b2b68ab8a1b01a504d23f380a4ffae07f67dd8cb8889350822c4bd 3 3 6798 45
cceed0c75a0a11b42abae3e5b0737a019f05727fd714ea512e7673b38f475844 8 8 18332 1837
5f904455b63dcfd2e9d8ef347a0d88b4c831eaafe9971d9cb574e7da59381e3e 5 5 947209 942385
42211c9622a6c9e6740559ddc2729fc3300ebfeb2efcd481fb196830b2cf2ca4 25 10 17741 11
dd55553312345d079a90b71dae1bac73b5fb9238b649dc34bcd852a90e644901 1107 215 981665 87344
c7e0376cbceb99e426ec497ada7eb9546dda553ae178add20a41b0fc29582108 3 3 9212 139
d7e59e9eca05a19cb480f746a88df446c5f11627738ff56aa017fbfdc7a74ea7 8 8 6981 2342
c05c3610c99e47151391c779366f0c18a58334cc1eeccd18cf66155509f05551 10 3 606 160
390d50b3347ce1722d4d0f354c87597cf9543157d6093aa05a31c2672235ffee 382 32 48440 14728
288f37fb450c6dc49f56fa6cd0d1ccd3eb2fcda2ae76bade49acdc704ba75842 2 2 2101 0
c85631f311565c2613b6e3a59c3fde8ca01fc2a366fb4af51a502cc92a9f044b 76 76 70146 10643
c29e6989d8362c3af1a4129bad7bd1ad95bebc16c18e12610f523b7552fdfdb5 6 6 16712 416
1ad1f4920f2bd7b0a07b43b1f8d0287a51132e94db07de43bb39c7822c2be699 2 2 16073 0
cbdd28a082039713d3ccd718d9fedd5c586b0329fa5e3fc15f175b61f5fc5371 135 44 907424 3350586
01b86baad31b3153e350b1948399c2c2c0bc8ea405a936e539532af0c9c4c153 334 0 0 0
279e9337ff365beead4ae9697d1d8417d6dafa4da258818acac9bba9c83e5f09 43 41 44996 3986
4d9139f057492c5791f2d100e08c85d3926fb3c4519b7b9576f01522dfa52ed2 39 18 45424 7476
dcec363dbd621f5283f57b0500dad3474e938e41bc02337fa92d2d28487b9556 93 10 4142 1715
d919503d051e621847a605c73b33b5bd70fd91a40323e598d22c04c491cbafc2 1 1 267 0
aabc5206ebbd5d7aa4d170da58842365b706f6dd108690ede83917b661edcf45 266 108 813363 44166
23fba429366ebf00508b14c777bb0dfd3bdf6a9a022b661a1ee02598b227d84e 26 26 67664 23957
da566ce4590813756e52746be1b8ac3ef82a1546bf1ac515cb9d989ff181e25b 32 30 42014 3424
ddd3905e6c917895b2442336b9c7fa10ad0789251a11617aea0c623197b13074 25 11 9260 644
4ba14ccea2247f38e0acd3a5e5304b274883f11ec9af7479f4931110357c44dd 1 1 14110 0
cbeab4f0cf2dc8516ca607d601e7ea20d0d4aca61d33ff5181a29104d122bf7e 4 4 20526 203
ca1fc7d74a0344e2410e13b7573c25d709c98d44ebe6b3c0c61b20d1d630e635 12 12 21749 1420
8c17767150ee55871c90e4586851447235a7c5c9d6df864f2e7f586ffbc916ae 10 10 21603 194
194049c34115586bcc53f4804961281a94f58c98a84c8a27b65a74ace5a33ca8 3 0 0 0
bbd378836645d1f07b851d38ca20746a05668b376320432cd980ca52010c404c 1 1 189223 0
6b7250775c00841b7bdf5ff571ca2655bc8155a3b85d9ee1c753c6bf1d2edd6d 2 0 0 0
c5f2ce5736cd7c09737b9ef42e633d81bb4d24a37630fe990305e78921f2a1a8 12 12 29160 310
2bc6cdbbb2cebbbe4eafaf0222af596bebc3c61318a5e663a8d64aad1898b3bc 10 0 0 0
adc5184ec5774878721377d99bd12a2c3fc9b6bc754ff325f44dc44a7061ce2d 1 1 713890 0
bf0e4829a7ddd56dc7115db89f0f79cbdc901b7c1f904938163da06149e55012 44 1 54 30
5fef29c816b70a48e3143ef5fc8835d3352e23913d9dd36a50fd88169411319a 1 1 535522 0
f38b037ee06cbd878e081fc45d24da9d50e197951d7ac91ccd8ac5a89bf35470 137 0 0 0
532ebfd8f57c0d6354cf1edbef51b689efaa9d91424aba335bbc1dd84783f63a 5 0 0 0
3e088812731661c6aeb671eb2d853faad4e2c1d0e9d1f330980189a43882a181 26 26 36060 532
d167dfe94f3640ee6889a18b8dd4e8453e8c0f546e5e80792cdb8b8d29310cad 72 14 4355 532
938a6b0ec09921686c2438bb2e448ec604a2fc02fa3f928d57ecc022c389fb7d 469 238 96617 44498
a9e494478b86c4b19b407c965e799dbdfe84a320fa014b2601e617e9cbb3b907 1 0 0 0
652709d74547d7934f41f4c8eaea0880751798c9a21fdc4dc7fc060a0f5db2d4 8 8 18173 107
cf27ceb87c04a2eb77a55922267fa3afc4e060df8a587d5ac8124cc99f52da5d 34 0 0 0
3e739c5b14a46926b6cf489a477fde73f05ef57e0a527739328246ebc01bbfb9 32 4 103 6558
e7db6ab854cfec313387d228c0941672f0c45e4c09464a89da21ab7925f13c8e 2 2 3846 13
b86b8def985d1679bd51f65a569e6a6d6629074954ed2a99c68ebf7d205bd6f2 0 0 0 0
ec5a4e95adecfca0f775714a64069acd518917a1812045961adbdd6897f5afa2 6 1 1343 0
1c72dfb79f1d28e60738fb6b2bfc1e68bdd5c962586f2d392da3581991257ad2 27 10 3492 1054
08900148b9493fca4b45054dfbac7a27b25fde6e2c166102d6a9f6d0a378f5fb 15 14 11491 2218
d8035cef4ca9f759916293f2f61c931fe9c004f98f3cb3593de671670dbfa704 3 3 2816 195
8503665863ccd1096dbf2df347246bc094512d2825eabd83732f2490026c8784 16 16 10361 523
f2b68b570d14228d8d49fcc010d68c7b26bdc562f87560412fc755a4e6c40c84 63 3 2507 1309
e72c29e5317a3f071d59f572bdbfbddb0aa0da58ab74f664870c3959de2c8855 48 3 2507 1309
bfc6fa2bc33ba3605668418739ed63a7dd57af9c42a496d95c3cc39500e27398 369 190 90871 42992
a80525b41973254a9e1124fe8b37b4b34261d33d0c55ac5e2088da80be46e928 1 1 435765 0
f0bdd8b490e9fb928584b571ec7f9e738ae579fb4ac726e6f44ec8d3fa6f3f41 1108 216 981669 87344
864fa8e79eff26fd4d9c8f3c8a432f7b02542bfd5e13ca4ffcd3ace7b6028a71 10 10 524 25
d9961e2bb84d1270d105437b55342652e48268dc9a36dfc513c5f8af8ce509cb 330 0 0 0
97c1a32ae3cab956d85374eb7fd79822057d908e509cafbd14e2cef86f99590a 1203 14 314 137
